,A,R,N,D,C,Q,E,G,H,I,L,K,M,F,P,S,T,W,Y,V
A,0.0096,0.0038,0.0031,0.0043,0.0014,0.0031,0.0044,0.0052,0.0016,0.004,0.0056,0.0044,0.0018,0.0027,0.0028,0.0056,0.004,0.0005,0.0014,0.0056
R,0.0038,0.0109,0.0019,0.0026,0.0011,0.0031,0.0031,0.0032,0.0014,0.0022,0.0039,0.0043,0.0012,0.0023,0.0021,0.0035,0.0019,0.0007,0.0022,0.0031
N,0.0031,0.0019,0.0055,0.0027,0.001,0.0014,0.0024,0.0032,0.0011,0.0024,0.0032,0.0027,0.0009,0.0017,0.0012,0.0028,0.0024,0.0002,0.0008,0.0022
D,0.0043,0.0026,0.0027,0.0095,0.001,0.0018,0.0037,0.0035,0.0011,0.0018,0.0043,0.0032,0.0008,0.0011,0.0021,0.0034,0.0024,0.0004,0.0015,0.0027
C,0.0014,0.0011,0.001,0.001,0.007,0.0007,0.0018,0.0011,0.0004,0.0012,0.0023,0.001,0.0004,0.0008,0.0007,0.0013,0.0009,0.0003,0.0004,0.0012
Q,0.0031,0.0031,0.0014,0.0018,0.0007,0.0039,0.0028,0.002,0.001,0.0016,0.0027,0.0021,0.0007,0.001,0.0015,0.0021,0.0016,0.0004,0.0011,0.0015
E,0.0044,0.0031,0.0024,0.0037,0.0018,0.0028,0.0094,0.0035,0.0018,0.0023,0.0051,0.0053,0.0012,0.0016,0.003,0.0038,0.0023,0.0007,0.0016,0.0026
G,0.0052,0.0032,0.0032,0.0035,0.0011,0.002,0.0035,0.0173,0.0015,0.0036,0.0051,0.0039,0.0013,0.0022,0.003,0.0051,0.0028,0.0011,0.0016,0.0033
H,0.0016,0.0014,0.0011,0.0011,0.0004,0.001,0.0018,0.0015,0.006,0.0012,0.0022,0.0013,0.0008,0.0008,0.0014,0.0017,0.001,0.0002,0.001,0.0012
I,0.004,0.0022,0.0024,0.0018,0.0012,0.0016,0.0023,0.0036,0.0012,0.0072,0.0066,0.0026,0.0014,0.0027,0.0017,0.0033,0.0027,0.0005,0.0018,0.0063
L,0.0056,0.0039,0.0032,0.0043,0.0023,0.0027,0.0051,0.0051,0.0022,0.0066,0.0139,0.0044,0.0027,0.0055,0.0027,0.0047,0.0046,0.0009,0.0045,0.0074
K,0.0044,0.0043,0.0027,0.0032,0.001,0.0021,0.0053,0.0039,0.0013,0.0026,0.0044,0.0063,0.0017,0.0023,0.0029,0.0042,0.0025,0.0006,0.0017,0.003
M,0.0018,0.0012,0.0009,0.0008,0.0004,0.0007,0.0012,0.0013,0.0008,0.0014,0.0027,0.0017,0.0012,0.0008,0.0005,0.001,0.001,0.0002,0.0007,0.0015
F,0.0027,0.0023,0.0017,0.0011,0.0008,0.001,0.0016,0.0022,0.0008,0.0027,0.0055,0.0023,0.0008,0.0077,0.0011,0.0027,0.0016,0.0007,0.0024,0.0032
P,0.0028,0.0021,0.0012,0.0021,0.0007,0.0015,0.003,0.003,0.0014,0.0017,0.0027,0.0029,0.0005,0.0011,0.0091,0.0024,0.002,0.0004,0.0011,0.0017
S,0.0056,0.0035,0.0028,0.0034,0.0013,0.0021,0.0038,0.0051,0.0017,0.0033,0.0047,0.0042,0.001,0.0027,0.0024,0.0075,0.0041,0.0005,0.0017,0.0036
T,0.004,0.0019,0.0024,0.0024,0.0009,0.0016,0.0023,0.0028,0.001,0.0027,0.0046,0.0025,0.001,0.0016,0.002,0.0041,0.0046,0.0003,0.0014,0.0036
W,0.0005,0.0007,0.0002,0.0004,0.0003,0.0004,0.0007,0.0011,0.0002,0.0005,0.0009,0.0006,0.0002,0.0007,0.0004,0.0005,0.0003,0.0027,0.0009,0.0005
Y,0.0014,0.0022,0.0008,0.0015,0.0004,0.0011,0.0016,0.0016,0.001,0.0018,0.0045,0.0017,0.0007,0.0024,0.0011,0.0017,0.0014,0.0009,0.0044,0.0024
V,0.0056,0.0031,0.0022,0.0027,0.0012,0.0015,0.0026,0.0033,0.0012,0.0063,0.0074,0.003,0.0015,0.0032,0.0017,0.0036,0.0036,0.0005,0.0024,0.0083
